0.0000000000000 6.000000000000 1.5707963267948966 0.000000000000 0.942809041582 0.0000000000000 0.0000000000000 3.464101615137
0.0000000000000 3.500000000000 1.5707963267948966 0.000000000000 1.133893419027 0.0000000000000 0.0000000000000 4.949747468305
0.0000000000000	3.600000000000 1.5707963267948966 0.000000000000 1.088662107903	0.0000000000000 0.0000000000000	4.647580015448
0.0000000000000 3.700000000000 1.5707963267948966 0.000000000000 1.056328602202	0.0000000000000 0.0000000000000	4.422345854537
0.0000000000000 3.800000000000 1.5707963267948966 0.000000000000 1.032370802417	0.0000000000000 0.0000000000000	4.248529157249
0.0000000000000 3.900000000000 1.5707963267948966 0.000000000000 1.014144974098	0.0000000000000 0.0000000000000	4.110960958218
0.0000000000000 4.000000000000 1.5707963267948966 0.000000000000 1.000000000000 0.0000000000000 0.0000000000000 4.000000000000
0.0000000000000 4.100000000000 1.5707963267948966 0.000000000000 0.988851379630	0.0000000000000 0.0000000000000 3.909196615906
0.0000000000000 4.200000000000 1.5707963267948966 0.000000000000 0.979957887012	0.0000000000000 0.0000000000000 3.834057902536
0.0000000000000 4.300000000000 1.5707963267948966 0.000000000000 0.972796349206	0.0000000000000 0.0000000000000 3.771349483020
0.0000000000000 4.400000000000 1.5707963267948966 0.000000000000 0.966987556830	0.0000000000000 0.0000000000000 3.718678720805
0.0000000000000 4.500000000000 1.5707963267948966 0.000000000000 0.962250448649	0.0000000000000 0.0000000000000 3.674234614174
0.0000000000000 5.000000000000 1.5707963267948966 0.000000000000 0.948683298050 0.0000000000000 0.0000000000000 3.535533905932
0.0000000000000 6.000000000000 1.5707963267948966 0.000000000000 0.942809041582 0.0000000000000 0.0000000000000 3.464101615137
0.0000000000000 7.000000000000 1.5707963267948966 0.000000000000 0.944911182523 0.0000000000000 0.0000000000000 3.500000000000
0.0000000000000 8.000000000000 1.5707963267948966 0.000000000000 0.948683298050 0.0000000000000 0.0000000000000 3.577708763999
